0.00405378
0.00998961
0.0140408
0.019268
0.0199353
0.00429828
0.0458753
0.0107299
0.00125793
0.00936476
0.00392154
0.0116226
0.0280742
0.00356686
0.0783219
0.00351914
0.00115283
0.00359838
0.0557099
0.0132936
0.0301453
0.0215234
0.0195441
0.0201614
0.000847413
0.0143507
0.0208857
0.0238758
0.00162321
0.00711422
0.0149697
0.0240751
0.0155264
0.043655
0.00548525
0.106878
0.0108908
0.00569539
0.0105841
0.0130433
0.0350128
0.0214291
0.00271553
0.0370514
0.0197855
0.019378
0.00663508
0.0263723
0.008374
0.0250022
0.012267
0.0198478
0.0108364
0.0151521
0.0365311
0.041639
0.00409112
0.00910116
0.017888
0.00942432
0.0127195
0.0562637
0.0514452
0.0151967
0.0119138
0.00672942
0.000758657
0.0278404
0.0337747
7.28192e-05
0.0064988
0.00306813
0.00563509
0.00170514
0.0111969
0.0130878
0.00881675
0.0018619
0.0180711
0.0263716
0.00779618
0.0159965
0.00799196
0.00151552
0.0163319
0.00314978
0.0805948
3.40118e-05
0.00101134
0.00696123
0.0121609
0.0219924
0.00344425
0.0365189
0.0723774
0.0265699
0.00286972
0.0153324
0.00943331
0.0158254
0.122798
0.00586687
0.000152051
0.0815424
0.00743377
0.00319597
0.0100966
0.00664763
0.0571934
0.10583
0.0208436
0.0530719
0.0134298
0.0254874
0.0365988
0.00337471
0.00878709
0.00118169
0.0475152
0.00737442
0.0165389
0.027543
0.0500527
0.04608
0.00337686
0.000879943
0.0100803
0.00219575
0.00136315
0.0134309
0.00608146
0.0230535
0.043357
0.00231901
0.0565128
0.00612252
0.0166846
0.00106944
0.000863375
0.00426202
0.0218141
0.00550849
0.0319432
0.000170222
0.00153372
0.0346861
0.0355614
0.00583579
0.0128523
0.0151502
0.00143543
0.0156568
0.00310353
0.033781
0.0144257
0.00259555
0.0271873
0.0082562
0.017589
0.020139
0.0146308
0.0134144
0.00581777
0.0214814
0.000596046
0.00153614
0.0123562
0.00534924
0.0109023
0.0120772
0.0327082
0.0147368
0.0100811
0.004998
0.0370579
0.00776982
0.0112834
0.00215126
0.0429303
0.00248055
0.029159
0.0154048
0.00181378
0.035642
0.0146588
0.0365377
0.0232512
0.0411838
0.0104541
0.00672933
0.0305583
0.00220977
0.00345389
0.054957
0.022479
0.0737236
0.00193648
0.00524879
0.0332971
0.0150272
0.00853994
0.0646228
0.00108633
0.0269925
0.0109746
0.0245535
0.0157689
0.00658882
0.00180981
0.01941
0.0442463
0.0143852
0.0114251
0.0153919
0.00652588
0.00394696
0.0493243
0.014564
0.00491859
0.00802331
0.0199465
0.00852986
0.021302
0.04729
0.0299336
0.0413583
0.0171294
0.000395957
0.034182
0.0238287
0.0366726
0.0518573
0.0434093
0.0366991
0.00980619
0.024977
0.0152903
0.00393103
0.0302539
0.00589962
0.000689403
0.0146395
0.0199437
0.00769424
0.0364732
0.0184354
0.0319179
0.0175926
0.0329222
0.0105396
0.0139537
0.0767989
0.00187856
0.0120198
0.00145382
0.0173485
0.0209558
0.00853846
0.0124011
0.0130824
0.018198
0.0258994
0.0141192
0.00443425
0.00780618
0.00576154
0.00298058
0.0288611
0.0194084
0.0355779
0.00973995
0.000328622
0.0343977
0.018493
0.0266161
0.0201242
0.00680264
0.000749686
0.00510478
0.0160685
0.0066085
0.0059754
0.0157334
0.00100713
0.0255026
0.0057602
0.0335107
0.00646318
0.0251892
0.0175815
0.00647533
0.00620652
0.0118769
8.09686e-05
0.00243956
0.00580466
0.00275493
0.0200041
0.00642363
0.00807261
0.0163104
0.00344103
0.00535188
0.0498032
0.00746453
0.0379703
0.0462847
0.0370671
0.0115522
0.0160905
0.0675728
0.00396966
0.00515791
0.00201822
0.0168913
0.0192339
0.0727569
0.0485988
0.0130111
0.00198051
0.00480241
0.00155354
0.0174807
0.0104815
0.00753691
0.00667941
0.0444387
0.0552123
0.0507285
0.0297372
0.0338189
0.00214517
0.00288173
0.00172264
0.0144951
0.00359116
0.00967641
0.0522385
0.00638742
0.0515448
0.0250641
0.0829229
0.00678867
0.0265684
0.00308252
0.000874801
0.00904515
0.0489402
0.0659117
0.052213
0.000387131
0.000186052
0.0141746
0.00464697
0.00929768
0.0133757
0.0285914
0.053661
0.00214483
0.00496248
0.00377842
0.0532948
0.000561142
0.0768864
0.00530929
0.00114844
0.0170663
0.012095
0.00396501
0.0165503
0.0157249
0.111995
0.034671
0.00518493
0.110373
0.0297387
0.0103026
0.0434022
0.00130756
0.0159906
0.0440567
0.0126243
0.00953498
0.00355207
0.0194405
0.0725061
0.0029784
0.00652478
0.0397609
0.0129437
0.00549258
0.109807
0.0167946
0.00866729
0.00439856
0.0105495
0.0150584
0.00159674
0.0240446
8.21034e-05
0.00319924
0.00786425
0.0120539
0.00834576
0.00945857
0.017073
0.0212503
0.0265291
0.0361031
0.0161836
0.00447991
0.020358
0.00157585
0.0680559
0.0171506
0.00116642
0.00591511
0.00300563
0.00285713
0.0434574
0.00307173
0.00632162
0.0302815
0.03405
0.00459084
0.00773998
0.0508191
0.0109618
0.00924318
0.00579304
0.00783134
0.0238262
0.0291352
0.0403252
0.0278544
0.0983403
0.0524052
0.00922945
0.00805263
0.0480784
0.0075481
0.0156629
0.000556826
0.00396401
0.0717287
0.000279011
0.0288748
0.0216295
0.0164152
0.0113388
0.0122025
0.000261616
0.0181012
0.0422012
5.06986e-05
0.0298397
0.00993041
0.000348353
0.00330176
0.0221581
0.0187258
0.0413561
0.0389569
0.0166396
0.0263289
0.00818865
0.016989
0.0055586
0.0132783
0.0199906
0.0389804
0.00950537
0.0218192
0.00192258
0.0209631
0.0211306
0.00549136
0.0114131
0.0240525
0.0263232
0.0828518
0.0171892
0.0136765
0.0449831
0.00424496
0.00856598
0.00785133
0.0212104
0.0090129
0.00827226
0.00689428
0.0210954
0.0181859
0.0182031
0.00597066
0.000580666
0.000202266
0.0106398
0.0953651
0.016225
0.0322563
0.000819774
0.00176067
0.00188084
0.0358502
0.0174337
0.00075523
0.00952406
0.0155969
0.0177253
0.0177769
0.0090854
0.0577621
0.0239062
0.0223913
0.0166916
0.00505835
0.0135501
0.00241153
0.0368393
0.0335836
0.00692338
0.00815218
0.00490077
0.00477779
0.000501927
0.0224892
0.0591584
0.0584512
0.00794949
0.0276488
0.0169071
0.0416984
0.0426448
0.0156534
0.0107411
0.0128164
0.0246072
0.0166141
0.00483021
0.00551759
0.0326406
0.00454924
0.0703569
0.00302834
0.00463349
0.0325848
0.048656
0.0437587
0.0387563
0.00169746
0.0174386
0.0111008
0.00876949
0.0120652
0.00451609
0.0712801
0.00275525
0.00738781
0.00124102
0.0360014
0.0041159
0.0218659
0.0119176
0.0650677
0.0121356
0.0355365
0.0341886
0.0618364
0.00554665
0.00375855
0.0624784
0.00360175
0.0125333
0.00892581
0.00864705
0.033849
0.00102869
0.0233821
0.0017481
0.00784442
0.0140251
0.00202969
0.0130695
0.00296236
0.0135894
0.0625104
0.0321942
0.00294706
0.00882282
0.0110201
0.000406696
0.0522273
0.0147806
0.00275226
0.0050254
0.00715428
0.036524
0.00538017
0.00702679
0.0245587
0.0631147
0.0777646
0.0203763
0.0123828
0.0111697
0.00771824
0.0202929
0.0185659
0.0121208
0.0224979
0.0023084
0.00644208
0.0111371
0.00592421
0.00202068
0.0810938
0.0170139
0.0490474
0.0970559
0.0362261
0.0181794
0.0128861
0.00281764
0.00823227
0.0478389
0.00617245
0.00598962
0.00321782
0.0938654
0.0090755
0.0357777
0.0146019
0.0180093
0.00159203
0.00848343
0.0404506
0.00532574
0.0165958
0.0166904
0.0723558
0.0159068
0.00856735
0.00122144
0.0506935
0.0216871
0.0105568
0.057348
0.00949662
0.0227305
0.0492005
0.0519718
0.023597
0.0316303
0.0359334
0.0415252
0.0192184
0.0150995
0.000795468
0.0541823
0.0182578
0.0622871
0.0126807
0.00623264
0.0479263
0.0172171
0.00155083
0.012692
0.0037593
0.00846023
0.0492509
0.0390423
0.00957612
0.0411607
0.0105536
0.0367499
0.030398
0.0830749
0.00196327
0.00732553
0.0201508
0.0327942
0.0123354
0.0174474
0.0385678
0.00577726
0.000279634
0.00226117
0.0267413
0.0211072
0.00902249
0.024318
0.043062
0.00733861
0.0183184
0.0535275
0.0126891
0.0261596
0.00552449
0.00780455
0.0160725
0.0331923
0.0170547
0.0268625
0.0693307
0.00370056
0.00223727
0.00375593
0.0266709
0.000777799
0.00814108
0.0384135
0.0107049
0.0139202
0.00253121
0.0194077
0.0145768
0.0225639
0.00475596
0.00433406
0.00307593
0.0302461
0.0433023
0.0634911
0.0122606
0.00603213
0.0158835
0.000435842
0.0293831
0.00361386
0.00284653
0.00161063
0.0185314
0.00514832
0.0334186
0.00598435
0.0280791
0.00420148
0.0403827
0.00275335
0.0050289
0.0216781
0.00311633
0.0292553
0.00518643
0.0487403
0.0196891
0.0133327
0.0466259
0.00298392
0.015358
0.0543363
0.0377217
0.028544
1.77731e-05
0.00960549
0.0247673
0.0140854
0.0141137
0.0191133
0.00148461
0.00232003
0.065636
0.0315256
0.033828
0.0120896
0.0201758
0.0434187
0.00949109
0.0160157
0.0238242
0.029703
0.00520632
0.0376395
0.00748456
0.00498011
0.00960031
0.0407737
0.00553117
0.0247735
0.00741183
0.00954566
0.0164657
0.0911971
0.00348534
0.00774067
0.00890602
0.0306941
0.00329922
0.0119599
0.0034217
0.00650076
0.027261
0.0108772
0.0276066
0.0175952
0.0047293
0.00115866
0.0325135
0.000164147
0.0161293
0.0383315
0.0356904
0.00570097
0.0085909
0.0236094
0.0451131
0.0491059
0.0143583
0.00677648
0.00384472
0.00522799
0.0701784
0.00576809
0.0458858
0.00117352
0.0164519
0.00633649
0.0147014
0.00183753
0.00142975
0.0431649
0.0376923
0.00837596
0.0484328
0.009523
0.0301358
0.00352966
0.0465827
0.0314468
0.00513494
0.00841663
0.0359908
0.0128064
0.0124455
0.0200112
0.00197446
0.000266931
0.00517774
0.00137258
0.00356093
0.046315
0.00900332
0.0151904
0.000664151
0.0180361
0.0462498
0.0369418
0.0344358
0.0122043
0.00316706
0.00658529
0.0509832
0.0409028
0.0063684
0.0141323
0.0107856
0.0343303
0.0243579
0.0118168
0.0197897
0.0352741
0.00471558
0.0327819
0.00423569
0.00312286
0.00266372
0.011646
0.00326761
0.00596767
0.0558684
0.0301463
0.0146425
0.0184765
0.00251871
0.0506175
0.0292979
0.0370477
0.0020866
0.025804
0.0399925
0.0274984
0.0217264
0.0618883
0.0184607
0.00210537
0.00100708
0.033611
0.0372286
0.0067275
0.0213244
0.0621645
0.00715056
0.000746019
0.102086
0.0189863
0.0446231
0.0280166
0.0521811
0.00692204
0.00401473
0.0117232
0.014051
0.00458004
0.0412139
0.0442511
0.00617583
0.0774055
0.0176455
0.0118394
0.0492727
0.0121043
0.00186339
0.02645
0.0104479
0.000239409
0.0326883
0.014782
0.0110665
0.0430281
0.00132273
0.014874
0.00932535
0.00160173
0.00632388
0.0206037
0.00638984
0.0430321
0.0243813
0.0153817
0.0159665
0.0377512
0.0401625
0.00959816
0.0187474
0.000892606
0.0217324
0.0211922
5.95901e-05
0.00678563
0.00991758
0.00600107
0.00920376
0.0136673
0.0430125
0.0145626
0.00153041
0.0129845
0.00435007
0.0313624
0.0188695
0.00533225
0.0194191
0.00842902
0.00761866
0.00134848
0.0397866
0.0008972
0.0550049
0.0141277
0.0926128
0.017508
0.00402846
0.0512335
0.0247287
0.0313803
0.0151656
0.0206633
0.00136204
0.0670749
0.0190979
0.0110861
0.0280957
0.00880883
0.00239488
0.0814898
0.00876561
0.00080873
0.0117586
0.000401954
0.019616
0.00683334
0.0150341
0.01044
0.02861
0.0177115
0.00784325
0.000730167
0.0116606
0.00791851
0.00424479
0.0287493
0.00107492
0.0251313
0.00163318
0.0128266
0.0138518
0.0182533
0.0453682
0.0295541