0.00496923
0.019885
0.00548874
0.00102587
0.00123751
0.00629421
0.0227887
0.00684981
0.00210721
0.00233068
0.00771325
0.0261867
0.00831031
0.00325038
0.00348707
0.00924071
0.0302826
0.00988593
0.00446287
0.00471445
0.0108945
0.0354391
0.0115964
0.00575364
0.0060221
0.0126976
0.0424053
0.0134669
0.0071335
0.00742127
0.0146794
0.0531852
0.0155306
0.00861566
0.00892574
0.0168794
0.0782405
0.017832
0.0102165
0.0105527
0.0193517
0.000609184
0.020433
0.0119567
0.0123237
0.0221733
0.00166763
0.0234237
0.0138629
0.014267
0.0254593
0.00278524
0.0269415
0.0159702
0.0164196
0.0293935
0.00396902
0.031213
0.0183258
0.0188322
0.034296
0.0052273
0.0366516
0.0209964
0.0215762
0.0408044
0.00657008
0.0441455
0.0240795
0.0247575
0.0505146
0.00800955
0.0562682
0.0277259
0.0285423
0.0701312
0.00956072
0.0921034
0.0321888
0.0332146
0.000404054
0.0112424
0.00081644
0.0379424
0.0393223
0.00145141
0.0130785
0.00188621
0.0460517
0.0481589
0.00255667
0.0151005
0.00301646
0.0599146
0.0643775
0.00372659
0.01735
0.00421442
-0
0.000201007
0.00496923
0.019885
0.00548874
0.00102587
0.00123751
0.00629421
0.0227887
0.00684981
0.00210721
0.00233068
0.00771325
0.0261867
0.00831031
0.00325038
0.00348707
0.00924071
0.0302826
0.00988593
0.00446287
0.00471445
0.0108945
0.0354391
0.0115964
0.00575364
0.0060221
0.0126976
0.0424053
0.0134669
0.0071335
0.00742127
0.0146794
0.0531852
0.0155306
0.00861566
0.00892574
0.0168794
0.0782405
0.017832
0.0102165
0.0105527
0.0193517
0.000609184
0.020433
0.0119567
0.0123237
0.0221733
0.00166763
0.0234237
0.0138629
0.014267
0.0254593
0.00278524
0.0269415
0.0159702
0.0164196
0.0293935
0.00396902
0.031213
0.0183258
0.0188322
0.034296
0.0052273
0.0366516
0.0209964
0.0215762
0.0408044
0.00657008
0.0441455
0.0240795
0.0247575
0.0505146
0.00800955
0.0562682
0.0277259
0.0285423
0.0701312
0.00956072
0.0921034
0.0321888
0.0332146
0.000404054
0.0112424
0.00081644
0.0379424
0.0393223
0.00145141
0.0130785
0.00188621
0.0460517
0.0481589
0.00255667
0.0151005
0.00301646
0.0599146
0.0643775
0.00372659
0.01735
0.00421442
-0
0.000201007
0.00496923
0.019885
0.00548874
0.00102587
0.00123751
0.00629421
0.0227887
0.00684981
0.00210721
0.00233068
0.00771325
0.0261867
0.00831031
0.00325038
0.00348707
0.00924071
0.0302826
0.00988593
0.00446287
0.00471445
0.0108945
0.0354391
0.0115964
0.00575364
0.0060221
0.0126976
0.0424053
0.0134669
0.0071335
0.00742127
0.0146794
0.0531852
0.0155306
0.00861566
0.00892574
0.0168794
0.0782405
0.017832
0.0102165
0.0105527
0.0193517
0.000609184
0.020433
0.0119567
0.0123237
0.0221733
0.00166763
0.0234237
0.0138629
0.014267
0.0254593
0.00278524
0.0269415
0.0159702
0.0164196
0.0293935
0.00396902
0.031213
0.0183258
0.0188322
0.034296
0.0052273
0.0366516
0.0209964
0.0215762
0.0408044
0.00657008
0.0441455
0.0240795
0.0247575
0.0505146
0.00800955
0.0562682
0.0277259
0.0285423
0.0701312
0.00956072
0.0921034
0.0321888
0.0332146
0.000404054
0.0112424
0.00081644
0.0379424
0.0393223
0.00145141
0.0130785
0.00188621
0.0460517
0.0481589
0.00255667
0.0151005
0.00301646
0.0599146
0.0643775
0.00372659
0.01735
0.00421442
-0
0.000201007
0.00496923
0.019885
0.00548874
0.00102587
0.00123751
0.00629421
0.0227887
0.00684981
0.00210721
0.00233068
0.00771325
0.0261867
0.00831031
0.00325038
0.00348707
0.00924071
0.0302826
0.00988593
0.00446287
0.00471445
0.0108945
0.0354391
0.0115964
0.00575364
0.0060221
0.0126976
0.0424053
0.0134669
0.0071335
0.00742127
0.0146794
0.0531852
0.0155306
0.00861566
0.00892574
0.0168794
0.0782405
0.017832
0.0102165
0.0105527
0.0193517
0.000609184
0.020433
0.0119567
0.0123237
0.0221733
0.00166763
0.0234237
0.0138629
0.014267
0.0254593
0.00278524
0.0269415
0.0159702
0.0164196
0.0293935
0.00396902
0.031213
0.0183258
0.0188322
0.034296
0.0052273
0.0366516
0.0209964
0.0215762
0.0408044
0.00657008
0.0441455
0.0240795
0.0247575
0.0505146
0.00800955
0.0562682
0.0277259
0.0285423
0.0701312
0.00956072
0.0921034
0.0321888
0.0332146
0.000404054
0.0112424
0.00081644
0.0379424
0.0393223
0.00145141
0.0130785
0.00188621
0.0460517
0.0481589
0.00255667
0.0151005
0.00301646
0.0599146
0.0643775
0.00372659
0.01735
0.00421442
-0
0.000201007
0.00496923
0.019885
0.00548874
0.00102587
0.00123751
0.00629421
0.0227887
0.00684981
0.00210721
0.00233068
0.00771325
0.0261867
0.00831031
0.00325038
0.00348707
0.00924071
0.0302826
0.00988593
0.00446287
0.00471445
0.0108945
0.0354391
0.0115964
0.00575364
0.0060221
0.0126976
0.0424053
0.0134669
0.0071335
0.00742127
0.0146794
0.0531852
0.0155306
0.00861566
0.00892574
0.0168794
0.0782405
0.017832
0.0102165
0.0105527
0.0193517
0.000609184
0.020433
0.0119567
0.0123237
0.0221733
0.00166763
0.0234237
0.0138629
0.014267
0.0254593
0.00278524
0.0269415
0.0159702
0.0164196
0.0293935
0.00396902
0.031213
0.0183258
0.0188322
0.034296
0.0052273
0.0366516
0.0209964
0.0215762
0.0408044
0.00657008
0.0441455
0.0240795
0.0247575
0.0505146
0.00800955
0.0562682
0.0277259
0.0285423
0.0701312
0.00956072
0.0921034
0.0321888
0.0332146
0.000404054
0.0112424
0.00081644
0.0379424
0.0393223
0.00145141
0.0130785
0.00188621
0.0460517
0.0481589
0.00255667
0.0151005
0.00301646
0.0599146
0.0643775
0.00372659
0.01735
0.00421442
-0
0.000201007
0.00496923
0.019885
0.00548874
0.00102587
0.00123751
0.00629421
0.0227887
0.00684981
0.00210721
0.00233068
0.00771325
0.0261867
0.00831031
0.00325038
0.00348707
0.00924071
0.0302826
0.00988593
0.00446287
0.00471445
0.0108945
0.0354391
0.0115964
0.00575364
0.0060221
0.0126976
0.0424053
0.0134669
0.0071335
0.00742127
0.0146794
0.0531852
0.0155306
0.00861566
0.00892574
0.0168794
0.0782405
0.017832
0.0102165
0.0105527
0.0193517
0.000609184
0.020433
0.0119567
0.0123237
0.0221733
0.00166763
0.0234237
0.0138629
0.014267
0.0254593
0.00278524
0.0269415
0.0159702
0.0164196
0.0293935
0.00396902
0.031213
0.0183258
0.0188322
0.034296
0.0052273
0.0366516
0.0209964
0.0215762
0.0408044
0.00657008
0.0441455
0.0240795
0.0247575
0.0505146
0.00800955
0.0562682
0.0277259
0.0285423
0.0701312
0.00956072
0.0921034
0.0321888
0.0332146
0.000404054
0.0112424
0.00081644
0.0379424
0.0393223
0.00145141
0.0130785
0.00188621
0.0460517
0.0481589
0.00255667
0.0151005
0.00301646
0.0599146
0.0643775
0.00372659
0.01735
0.00421442
-0
0.000201007
0.00496923
0.019885
0.00548874
0.00102587
0.00123751
0.00629421
0.0227887
0.00684981
0.00210721
0.00233068
0.00771325
0.0261867
0.00831031
0.00325038
0.00348707
0.00924071
0.0302826
0.00988593
0.00446287
0.00471445
0.0108945
0.0354391
0.0115964
0.00575364
0.0060221
0.0126976
0.0424053
0.0134669
0.0071335
0.00742127
0.0146794
0.0531852
0.0155306
0.00861566
0.00892574
0.0168794
0.0782405
0.017832
0.0102165
0.0105527
0.0193517
0.000609184
0.020433
0.0119567
0.0123237
0.0221733
0.00166763
0.0234237
0.0138629
0.014267
0.0254593
0.00278524
0.0269415
0.0159702
0.0164196
0.0293935
0.00396902
0.031213
0.0183258
0.0188322
0.034296
0.0052273
0.0366516
0.0209964
0.0215762
0.0408044
0.00657008
0.0441455
0.0240795
0.0247575
0.0505146
0.00800955
0.0562682
0.0277259
0.0285423
0.0701312
0.00956072
0.0921034
0.0321888
0.0332146
0.000404054
0.0112424
0.00081644
0.0379424
0.0393223
0.00145141
0.0130785
0.00188621
0.0460517
0.0481589
0.00255667
0.0151005
0.00301646
0.0599146
0.0643775
0.00372659
0.01735
0.00421442
-0
0.000201007
0.00496923
0.019885
0.00548874
0.00102587
0.00123751
0.00629421
0.0227887
0.00684981
0.00210721
0.00233068
0.00771325
0.0261867
0.00831031
0.00325038
0.00348707
0.00924071
0.0302826
0.00988593
0.00446287
0.00471445
0.0108945
0.0354391
0.0115964
0.00575364
0.0060221
0.0126976
0.0424053
0.0134669
0.0071335
0.00742127
0.0146794
0.0531852
0.0155306
0.00861566
0.00892574
0.0168794
0.0782405
0.017832
0.0102165
0.0105527
0.0193517
0.000609184
0.020433
0.0119567
0.0123237
0.0221733
0.00166763
0.0234237
0.0138629
0.014267
0.0254593
0.00278524
0.0269415
0.0159702
0.0164196
0.0293935
0.00396902
0.031213
0.0183258
0.0188322
0.034296
0.0052273
0.0366516
0.0209964
0.0215762
0.0408044
0.00657008
0.0441455
0.0240795
0.0247575
0.0505146
0.00800955
0.0562682
0.0277259
0.0285423
0.0701312
0.00956072
0.0921034
0.0321888
0.0332146
0.000404054
0.0112424
0.00081644
0.0379424
0.0393223
0.00145141
0.0130785
0.00188621
0.0460517
0.0481589
0.00255667
0.0151005
0.00301646
0.0599146
0.0643775
0.00372659
0.01735
0.00421442
-0
0.000201007
0.00496923
0.019885
0.00548874
0.00102587
0.00123751
0.00629421
0.0227887
0.00684981
0.00210721
0.00233068
0.00771325
0.0261867
0.00831031
0.00325038
0.00348707
0.00924071
0.0302826
0.00988593
0.00446287
0.00471445
0.0108945
0.0354391
0.0115964
0.00575364
0.0060221
0.0126976
0.0424053
0.0134669
0.0071335
0.00742127
0.0146794
0.0531852
0.0155306
0.00861566
0.00892574
0.0168794
0.0782405
0.017832
0.0102165
0.0105527
0.0193517
0.000609184
0.020433
0.0119567
0.0123237
0.0221733
0.00166763
0.0234237
0.0138629
0.014267
0.0254593
0.00278524
0.0269415
0.0159702
0.0164196
0.0293935
0.00396902
0.031213
0.0183258
0.0188322
0.034296
0.0052273
0.0366516
0.0209964
0.0215762
0.0408044
0.00657008
0.0441455
0.0240795
0.0247575
0.0505146
0.00800955
0.0562682
0.0277259
0.0285423
0.0701312
0.00956072
0.0921034
0.0321888
0.0332146
0.000404054
0.0112424
0.00081644
0.0379424
0.0393223
0.00145141
0.0130785
0.00188621
0.0460517
0.0481589
0.00255667
0.0151005
0.00301646
0.0599146
0.0643775
0.00372659
0.01735
0.00421442
-0
0.000201007
0.00496923
0.019885
0.00548874
0.00102587
0.00123751
0.00629421
0.0227887
0.00684981
0.00210721
0.00233068
0.00771325
0.0261867
0.00831031
0.00325038
0.00348707
0.00924071
0.0302826
0.00988593
0.00446287
0.00471445
0.0108945
0.0354391
0.0115964
0.00575364
0.0060221
0.0126976
0.0424053
0.0134669
0.0071335
0.00742127
0.0146794
0.0531852
0.0155306
0.00861566
0.00892574
0.0168794
0.0782405
0.017832
0.0102165
0.0105527
0.0193517
0.000609184
0.020433
0.0119567
0.0123237
0.0221733
0.00166763
0.0234237
0.0138629
0.014267
0.0254593
0.00278524
0.0269415
0.0159702
0.0164196
0.0293935
0.00396902
0.031213
0.0183258
0.0188322
0.034296
0.0052273
0.0366516
0.0209964
0.0215762
0.0408044
0.00657008
0.0441455
0.0240795
0.0247575
0.0505146
0.00800955
0.0562682
0.0277259
0.0285423
0.0701312
0.00956072
0.0921034
0.0321888
0.0332146
0.000404054
0.0112424
0.00081644
0.0379424
0.0393223
0.00145141
0.0130785
0.00188621
0.0460517
0.0481589
0.00255667
0.0151005
0.00301646
0.0599146
0.0643775
0.00372659
0.01735
0.00421442
-0
0.000201007